-99.2961578 28
-99.2962952 28.0002365
-99.2960587 28.0006714
-99.2955933 28.0008621
-99.2952118 28.0011826
-99.2946625 28.0012512
-99.2940979 28.0015697
-99.2939682 28.0016403
-99.2936554 28.0022373
-99.2936554 28.0024204
-99.2938385 28.0026035
-99.2938614 28.0032692
-99.2940445 28.0035439
-99.2939911 28.0041618
-99.2941208 28.004324
-99.2941208 28.0046215
-99.2936554 28.0049419
-99.2932968 28.0050354
-99.29216 28.0061111
-99.2916183 28.0071659
-99.2912827 28.0073261
-99.2907639 28.0074654

-99.2900391 28.0084267
-99.2900391 28.008955
-99.2901917 28.0094814
-99.2900925 28.0098038
-99.2901917 28.0103989
-99.290062 28.010582
-99.2894745 28.010973
-99.2890854 28.0110645
-99.2878189 28.0110397
-99.2873535 28.0112934
-99.2869492 28.011713
-99.2867584 28.0119133
-99.2867584 28.0119801
-99.2865753 28.0121193
-99.285675 28.0133572
-99.2849503 28.0149841
-99.2848206 28.0151443
-99.2842789 28.0151443
-99.2839661 28.0149612
-99.283577 28.0150528
-99.2829361 28.015625
-99.2822342 28.0157394
-99.2816696 28.0159454
-99.2812042 28.016428
-99.2797852 28.0167713
-99.2790604 28.01684
-99.2783051 28.0167713
-99.2778397 28.0162659
-99.2771225 28.0160828
-99.2769623 28.0158768
-99.2770157 28.0154419
-99.276886 28.0153484
-99.2765274 28.0153255
-99.2758026 28.0147762
-99.275444 28.0147762
-99.2751083 28.015028
-99.2747192 28.0156002
-99.2741776 28.0158749
-99.2738647 28.0161743
-99.2735062 28.0162659
-99.2730865 28.0165863
-99.2725449 28.016655
-99.2722397 28.0165634
-99.2714844 28.0166092
-99.271019 28.0162868
-99.2707672 28.0158978
-99.270607 28.0158291
-99.2701721 28.0158291
-99.2693405 28.0155067
-99.2692947 28.015255
-99.2690353 28.0149345
-99.2680511 28.0146351
-99.2674332 28.0140629
-99.2673264 28.0133972
-99.2669449 28.0131683
-99.2658081 28.0132599
-99.2655716 28.0135345
-99.2651367 28.013649
-99.265007 28.0135803
-99.2647705 28.0132141
-99.2645416 28.0130749
-99.2641525 28.0130749
-99.2637634 28.0139008
-99.2634048 28.0139923
-99.2630386 28.0139008
-99.2627335 28.0139694
-99.2623138 28.0144043
-99.2620087 28.0144958
-99.2607956 28.0141506
-99.2594986 28.0144024
-99.2593231 28.0140362
-99.2590332 28.0137386
-99.2588577 28.0132561
-99.258728 28.0131187
-99.2576141 28.0129128
-99.2569656 28.0126362
-99.2564545 28.0126133
-99.2554932 28.0129566
-99.2547455 28.0129967
-99.2537384 28.0130482
-99.2529678 28.0127487
-99.252243 28.0127487
-99.2517242 28.0125656
-99.2503281 28.0124283
-99.2499924 28.0124054
-99.2499313 28.012289
-99.2499084 28.0120373
-99.2498016 28.0118999
-99.2493668 28.0118542
-99.2489777 28.0117168
-99.2476578 28.0115566
-99.2466507 28.011282
-99.2464676 28.0111675
-99.2464218 28.0109615
-99.2460556 28.0106869
-99.2454605 28.010664
-99.2449493 28.0102291
-99.244072 28.0101833
-99.2433929 28.010458
-99.2426224 28.0103664
-99.242157 28.0104809
-99.2414322 28.0110321
-99.2409439 28.0111713
-99.2405014 28.0115604
-99.23983 28.0116749
-99.2393646 28.0114002
-99.2389297 28.0114002
-99.2382278 28.0117207
-99.2366791 28.0122261
-99.2357788 28.0122261
-99.23526 28.0123405
-99.235054 28.0122948
-99.234848 28.0121346
-99.2347946 28.0115623
-99.2345886 28.0112877
-99.2345581 28.0110798
-99.2343063 28.0108051
-99.2334747 28.0105076
-99.2330627 28.0104389
-99.2327499 28.0103016
-99.2328339 28.0098877
-99.2324677 28.0095234
-99.2322845 28.0091782
-99.2318726 28.0087433
-99.2309723 28.0087204
-99.2305298 28.0089035
-99.2297516 28.0084229
-99.2296524 28.008215
-99.2292862 28.008009
-99.2291107 28.0077801
-99.2291107 28.007185
-99.2290344 28.0070934
-99.228981 28.0060139
-99.2288513 28.0058079
-99.2283325 28.0057392
-99.2277908 28.0054188
-99.2276077 28.0051212
-99.2275314 28.0043869
-99.2273636 28.0041351
-99.227272 28.0039978
-99.227272 28.0033092
-99.2271423 28.0030346
-99.2271194 28.0017281
-99.2266998 28.0011082
-99.2264938 28.0009708
-99.226059 28.0009022
-99.2257996 28.0007267
-99.2254105 28.0002365
-99.2249908 28